# r[Mpc/h], xi_u\psi[L^2], xi_\psi\psi[L^2]
0.000000000000000000e+00 -0.000000000000000000e+00 0.000000000000000000e+00
1.001001001001001089e+00 -3.361814007442907697e-03 -5.171416971564267083e-07
2.002002002002002179e+00 -6.621004869946090637e-03 -2.049382667631154462e-06
3.003003003003003268e+00 -9.762360736117872695e-03 -4.562281502566509561e-06
4.004004004004004358e+00 -1.278386773507012714e-02 -8.019278073805647769e-06
5.005005005005005003e+00 -1.568752415406234405e-02 -1.238389725962378432e-05
6.006006006006006537e+00 -1.847694400803797862e-02 -1.762055898228962849e-05
7.007007007007008070e+00 -2.115641326262421990e-02 -2.369490926685305479e-05
8.008008008008008716e+00 -2.373046036994741481e-02 -3.057395191191127488e-05
9.009009009009009361e+00 -2.620363291492067148e-02 -3.822608437698008985e-05
1.001001001001001001e+01 -2.858038133860138497e-02 -4.662102814354927865e-05
1.101101101101101243e+01 -3.086500522773050897e-02 -5.573000464506074736e-05
1.201201201201201307e+01 -3.306162318283296930e-02 -6.552537784098078663e-05
1.301301301301301372e+01 -3.517416145194485894e-02 -7.598079027024702938e-05
1.401401401401401614e+01 -3.720634683095801198e-02 -8.707105721687234689e-05
1.501501501501501679e+01 -3.916172390812492493e-02 -9.877210716872779925e-05
1.601601601601601743e+01 -4.104364328959542174e-02 -1.110609247871636470e-04
1.701701701701701808e+01 -4.285527916338527366e-02 -1.239154940220888032e-04
1.801801801801801872e+01 -4.459963923822065496e-02 -1.373147459635077141e-04
1.901901901901901937e+01 -4.627957387319071164e-02 -1.512385084484649895e-04
2.002002002002002001e+01 -4.789777343236949897e-02 -1.656674583663095193e-04
2.102102102102102421e+01 -4.945679791016224791e-02 -1.805830768019071214e-04
2.202202202202202486e+01 -5.095907408993779336e-02 -1.959676069863175614e-04
2.302302302302302550e+01 -5.240688466609835783e-02 -2.118040148582681873e-04
2.402402402402402615e+01 -5.380241672783210582e-02 -2.280759524287593416e-04
2.502502502502502679e+01 -5.514774731801153768e-02 -2.447677232563511408e-04
2.602602602602602744e+01 -5.644484297567273906e-02 -2.618642480026875038e-04
2.702702702702702808e+01 -5.769557030116026497e-02 -2.793510364667949183e-04
2.802802802802803228e+01 -5.890171254380135307e-02 -2.972141615840144697e-04
2.902902902902903293e+01 -6.006496822336378910e-02 -3.154402213810865874e-04
3.003003003003003357e+01 -6.118694916110886672e-02 -3.340163226067575193e-04
3.103103103103103422e+01 -6.226919537410679356e-02 -3.529300634477429335e-04
3.203203203203203486e+01 -6.331317102645417361e-02 -3.721694901231681189e-04
3.303303303303303551e+01 -6.432027817786713231e-02 -3.917230951328700772e-04
3.403403403403403615e+01 -6.529185773601720033e-02 -4.115797928064888860e-04
3.503503503503503680e+01 -6.622918132408980862e-02 -4.317290120183672579e-04
3.603603603603603744e+01 -6.713347594283528008e-02 -4.521600801343271330e-04
3.703703703703703809e+01 -6.800590378953894066e-02 -4.728635626391852038e-04
3.803803803803803874e+01 -6.884758783633382340e-02 -4.938295284082453189e-04
3.903903903903903938e+01 -6.965959652118530743e-02 -5.150487577235846612e-04
4.004004004004004003e+01 -7.044295221821841868e-02 -5.365123591449800881e-04
4.104104104104104778e+01 -7.119863582369462263e-02 -5.582117110775387282e-04
4.204204204204204842e+01 -7.192758874572333094e-02 -5.801384743239879722e-04
4.304304304304304907e+01 -7.263071613542215754e-02 -6.022846038249171727e-04
4.404404404404404971e+01 -7.330887922251579092e-02 -6.246423157672700930e-04
4.504504504504505036e+01 -7.396291312372378635e-02 -6.472040926517434473e-04
4.604604604604605100e+01 -7.459361238287542939e-02 -6.699626623843178263e-04
4.704704704704705165e+01 -7.520174762168933824e-02 -6.929109976657669805e-04
4.804804804804805229e+01 -7.578805818106548742e-02 -7.160422928485025680e-04
4.904904904904905294e+01 -7.635323987268370638e-02 -7.393499729313369887e-04
5.005005005005005358e+01 -7.689798775396659847e-02 -7.628276783309377454e-04
5.105105105105105423e+01 -7.742295089109235695e-02 -7.864692246088629025e-04
5.205205205205205488e+01 -7.792876266709557187e-02 -8.102686810292447726e-04
5.305305305305305552e+01 -7.841603440391507751e-02 -8.342202539147779757e-04
5.405405405405405617e+01 -7.888533987178054929e-02 -8.583183305962217889e-04
5.505505505505505681e+01 -7.933724784199408520e-02 -8.825575543836154712e-04
5.605605605605606456e+01 -7.977230471127680356e-02 -9.069326244929135951e-04
5.705705705705706521e+01 -8.019103227674763412e-02 -9.314384551115976411e-04
5.805805805805806585e+01 -8.059394370889884363e-02 -9.560701929765362799e-04
5.905905905905906650e+01 -8.098151028961972364e-02 -9.808229756559209717e-04
6.006006006006006714e+01 -8.135420762440158382e-02 -1.005692211849543855e-03
6.106106106106106779e+01 -8.171249821556013371e-02 -1.030673456915727438e-03
6.206206206206206843e+01 -8.205681285918674239e-02 -1.055762300723845368e-03
6.306306306306306908e+01 -8.238757794284701230e-02 -1.080954540257591341e-03
6.406406406406406973e+01 -8.270520040450647647e-02 -1.106246126385934886e-03
6.506506506506507037e+01 -8.301007680170521819e-02 -1.131633064676327172e-03
6.606606606606607102e+01 -8.330258640282686700e-02 -1.157111475613850117e-03
6.706706706706707166e+01 -8.358309861862911472e-02 -1.182677692077018991e-03
6.806806806806807231e+01 -8.385197811341352225e-02 -1.208328069344132265e-03
6.906906906906907295e+01 -8.410956104707519032e-02 -1.234059061195816884e-03
7.007007007007007360e+01 -8.435618851912377036e-02 -1.259867293000279656e-03
7.107107107107107424e+01 -8.459217882226661989e-02 -1.285749474923799816e-03
7.207207207207207489e+01 -8.481785398949454047e-02 -1.311702355817449600e-03
7.307307307307307553e+01 -8.503351248391108341e-02 -1.337722821118776445e-03
7.407407407407407618e+01 -8.523944747179387771e-02 -1.363807893976577961e-03
7.507507507507507682e+01 -8.543594821125634342e-02 -1.389954545220190279e-03
7.607607607607607747e+01 -8.562328822510684168e-02 -1.416160030756589841e-03
7.707707707707707812e+01 -8.580174543952676092e-02 -1.442421617922374664e-03
7.807807807807807876e+01 -8.597157474602112881e-02 -1.468736514360898058e-03
7.907907907907907941e+01 -8.613303270409693180e-02 -1.495102138471257570e-03
8.008008008008008005e+01 -8.628636463969663328e-02 -1.521515967397352957e-03
8.108108108108109491e+01 -8.643181360685488202e-02 -1.547975517002178093e-03
8.208208208208209555e+01 -8.656961137114722871e-02 -1.574478518439806525e-03
8.308308308308309620e+01 -8.669998309855059260e-02 -1.601022575832121908e-03
8.408408408408409684e+01 -8.682315309360118250e-02 -1.627605473666751072e-03
8.508508508508509749e+01 -8.693933666699180107e-02 -1.654225054453237328e-03
8.608608608608609813e+01 -8.704874383076044442e-02 -1.680879255806357574e-03
8.708708708708709878e+01 -8.715157773741366576e-02 -1.707565876595891225e-03
8.808808808808809943e+01 -8.724803553249511900e-02 -1.734282949521513467e-03
8.908908908908910007e+01 -8.733832418098673445e-02 -1.761028806197647255e-03
9.009009009009010072e+01 -8.742259509861138866e-02 -1.787801206916506602e-03
9.109109109109110136e+01 -8.750106923991790575e-02 -1.814598619818382332e-03
9.209209209209210201e+01 -8.757389413781271892e-02 -1.841419224325498019e-03
9.309309309309310265e+01 -8.764124701940506634e-02 -1.868261297850262433e-03
9.409409409409410330e+01 -8.770328431939136693e-02 -1.895123269385913176e-03
9.509509509509510394e+01 -8.776016583724273457e-02 -1.922003266311549672e-03
9.609609609609610459e+01 -8.781200576403389024e-02 -1.948900024312396652e-03
9.709709709709710523e+01 -8.785895020840005232e-02 -1.975811878296013669e-03
9.809809809809810588e+01 -8.790111259699399937e-02 -2.002737421041214574e-03
9.909909909909910652e+01 -8.793858980137111980e-02 -2.029675143332157223e-03
1.001001001001001072e+02 -8.797148220287433207e-02 -2.056623657423255203e-03
1.011011011011011078e+02 -8.799985696509216027e-02 -2.083581550197707421e-03
1.021021021021021085e+02 -8.802377588081312931e-02 -2.110547430601215652e-03
1.031031031031031091e+02 -8.804328504287732560e-02 -2.137519988353285983e-03
1.041041041041041098e+02 -8.805841308246505073e-02 -2.164497851075748540e-03
1.051051051051051104e+02 -8.806918719897398329e-02 -2.191479663800709361e-03
1.061061061061061110e+02 -8.807560539072339933e-02 -2.218464120016691316e-03
1.071071071071071117e+02 -8.807767427618749811e-02 -2.245449881141711734e-03
1.081081081081081123e+02 -8.807538593442440500e-02 -2.272435486102634874e-03
1.091091091091091130e+02 -8.806872649027688849e-02 -2.299419963216257651e-03
1.101101101101101136e+02 -8.805768781110735743e-02 -2.326401595812055585e-03
1.111111111111111143e+02 -8.804225559264365619e-02 -2.353379192603572909e-03
1.121121121121121291e+02 -8.802242286467602816e-02 -2.380351442692168681e-03
1.131131131131131298e+02 -8.799817439044323175e-02 -2.407316789768216159e-03
1.141141141141141304e+02 -8.796950894578843549e-02 -2.434274123594291645e-03
1.151151151151151311e+02 -8.793643891175394189e-02 -2.461222000453144355e-03
1.161161161161161317e+02 -8.789897697828198686e-02 -2.488159187199549035e-03
1.171171171171171324e+02 -8.785713923907723100e-02 -2.515083966812231824e-03
1.181181181181181330e+02 -8.781095114186036887e-02 -2.541995398964538508e-03
1.191191191191191336e+02 -8.776045624908156151e-02 -2.568892012082507441e-03
1.201201201201201343e+02 -8.770569280399648227e-02 -2.595772361426576698e-03
1.211211211211211349e+02 -8.764671037360559358e-02 -2.622635520830971130e-03
1.221221221221221356e+02 -8.758357609481685901e-02 -2.649479954751190591e-03
1.231231231231231362e+02 -8.751634555711552965e-02 -2.676304444617627447e-03
1.241241241241241369e+02 -8.744510053610883571e-02 -2.703107534604933405e-03
1.251251251251251375e+02 -8.736990715980272326e-02 -2.729888196158515405e-03
1.261261261261261382e+02 -8.729084221823306400e-02 -2.756645288169957356e-03
1.271271271271271388e+02 -8.720800089832973778e-02 -2.783377490921631545e-03
1.281281281281281395e+02 -8.712146462772554778e-02 -2.810083918007720734e-03
1.291291291291291543e+02 -8.703132440103354683e-02 -2.836763170052950846e-03
1.301301301301301407e+02 -8.693767296891048713e-02 -2.863414293134381675e-03
1.311311311311311556e+02 -8.684060180748746915e-02 -2.890036208604316453e-03
1.321321321321321420e+02 -8.674020677574154070e-02 -2.916627800438930176e-03
1.331331331331331569e+02 -8.663658931749440573e-02 -2.943188197763799488e-03
1.341341341341341433e+02 -8.652983496703096911e-02 -2.969716316460539480e-03
1.351351351351351582e+02 -8.642005025030827237e-02 -2.996211401048095701e-03
1.361361361361361446e+02 -8.630733229600581757e-02 -3.022672188040084057e-03
1.371371371371371595e+02 -8.619176247891106868e-02 -3.049098105037053360e-03
1.381381381381381459e+02 -8.607345253252925155e-02 -3.075488180922765838e-03
1.391391391391391608e+02 -8.595248308850282626e-02 -3.101841486478739383e-03
1.401401401401401472e+02 -8.582894555027809069e-02 -3.128157535128124438e-03
1.411411411411411621e+02 -8.570293913662933860e-02 -3.154435258951218679e-03
1.421421421421421485e+02 -8.557456156284061477e-02 -3.180674099209124944e-03
1.431431431431431633e+02 -8.544388257793306130e-02 -3.206873290049852467e-03
1.441441441441441498e+02 -8.531098146388231551e-02 -3.233031863377760270e-03
1.451451451451451646e+02 -8.517597022534194318e-02 -3.259149510265809454e-03
1.461461461461461511e+02 -8.503891329645742181e-02 -3.285225360652333643e-03
1.471471471471471659e+02 -8.489990378340801780e-02 -3.311258885548820554e-03
1.481481481481481524e+02 -8.475900740557662516e-02 -3.337249753561022641e-03
1.491491491491491672e+02 -8.461630675086653786e-02 -3.363197155169103756e-03
1.501501501501501536e+02 -8.447187702680833410e-02 -3.389100519548892982e-03
1.511511511511511685e+02 -8.432579152801698841e-02 -3.414959305040853217e-03
1.521521521521521549e+02 -8.417812128072064970e-02 -3.440773050795003455e-03
1.531531531531531698e+02 -8.402893500315902764e-02 -3.466541444275687486e-03
1.541541541541541562e+02 -8.387830004888298385e-02 -3.492263781108889600e-03
1.551551551551551711e+02 -8.372628178215645034e-02 -3.517939920571354264e-03
1.561561561561561575e+02 -8.357294427559952554e-02 -3.543569204076741069e-03
1.571571571571571724e+02 -8.341834907627988793e-02 -3.569151320586068550e-03
1.581581581581581588e+02 -8.326256371026646841e-02 -3.594685932783710323e-03
1.591591591591591737e+02 -8.310563433912251941e-02 -3.620172534732274145e-03
1.601601601601601601e+02 -8.294761566384437068e-02 -3.645610939645830412e-03
1.611611611611611750e+02 -8.278858228490361404e-02 -3.671000704232088227e-03
1.621621621621621898e+02 -8.262856362211988548e-02 -3.696341733543806983e-03
1.631631631631631763e+02 -8.246762519748580822e-02 -3.721633590667922358e-03
1.641641641641641911e+02 -8.230581409659135095e-02 -3.746875968406256866e-03
1.651651651651651775e+02 -8.214318081514242198e-02 -3.772068841135301116e-03
1.661661661661661924e+02 -8.197976578380475332e-02 -3.797211397560311483e-03
1.671671671671671788e+02 -8.181562021752530889e-02 -3.822303813202011791e-03
1.681681681681681937e+02 -8.165078583326645933e-02 -3.847345924590323853e-03
1.691691691691691801e+02 -8.148530076042206916e-02 -3.872337488457048681e-03
1.701701701701701950e+02 -8.131921842410846923e-02 -3.897277908762004656e-03
1.711711711711711814e+02 -8.115256676858463580e-02 -3.922168016181446989e-03
1.721721721721721963e+02 -8.098540214139550442e-02 -3.947006225105305355e-03
1.731731731731731827e+02 -8.081771869084394821e-02 -3.971793544877992056e-03
1.741741741741741976e+02 -8.064959979072235108e-02 -3.996529335802983911e-03
1.751751751751751840e+02 -8.048106005837650512e-02 -4.021213683465134359e-03
1.761761761761761989e+02 -8.031213544102980273e-02 -4.045846275114691956e-03
1.771771771771771853e+02 -8.014286014299785987e-02 -4.070427073877011873e-03
1.781781781781782001e+02 -7.997326182646752324e-02 -4.094956006273734427e-03
1.791791791791791866e+02 -7.980337722834474068e-02 -4.119432781491742974e-03
1.801801801801802014e+02 -7.963322894959568021e-02 -4.143857563490235298e-03
1.811811811811811879e+02 -7.946284802850772655e-02 -4.168230118795260286e-03
1.821821821821822027e+02 -7.929226442736934943e-02 -4.192550620759946667e-03
1.831831831831831892e+02 -7.912150123603679808e-02 -4.216818713027887383e-03
1.841841841841842040e+02 -7.895058640865167121e-02 -4.241034428575212942e-03
1.851851851851851904e+02 -7.877954477467494221e-02 -4.265197883752955450e-03
1.861861861861862053e+02 -7.860840004547126059e-02 -4.289308906441177682e-03
1.871871871871871917e+02 -7.843717336034257415e-02 -4.313367548901774103e-03
1.881881881881882066e+02 -7.826588820970215021e-02 -4.337373595596877643e-03
1.891891891891891930e+02 -7.809456886644446094e-02 -4.361326560697490612e-03
1.901901901901902079e+02 -7.792323037750384374e-02 -4.385227573927646949e-03
1.911911911911911943e+02 -7.775189877793410587e-02 -4.409076139504234174e-03
1.921921921921922092e+02 -7.758059145007820123e-02 -4.432872215357889535e-03
1.931931931931932240e+02 -7.740932912579670533e-02 -4.456615789556106835e-03
1.941941941941942105e+02 -7.723812225210860416e-02 -4.480306596513360280e-03
1.951951951951952253e+02 -7.706699751881297689e-02 -4.503945433995145027e-03
1.961961961961962118e+02 -7.689597345280210772e-02 -4.527531602686068156e-03
1.971971971971972266e+02 -7.672505283211286664e-02 -4.551065423513367576e-03
1.981981981981982130e+02 -7.655425667595874839e-02 -4.574546939165072615e-03
1.991991991991992279e+02 -7.638360747423791897e-02 -4.597976173407260052e-03
2.002002002002002143e+02 -7.621311398949985605e-02 -4.621353136125076408e-03
2.012012012012012292e+02 -7.604279148568630908e-02 -4.644677847477326864e-03
2.022022022022022156e+02 -7.587265407443855025e-02 -4.667950359871411888e-03
2.032032032032032305e+02 -7.570271370464015659e-02 -4.691170750125845702e-03
2.042042042042042169e+02 -7.553298441282609021e-02 -4.714339118961565107e-03
2.052052052052052318e+02 -7.536347776094706741e-02 -4.737455661007632102e-03
2.062062062062062182e+02 -7.519420344418380198e-02 -4.760520190387404482e-03
2.072072072072072331e+02 -7.502517571797874540e-02 -4.783532974056263661e-03
2.082082082082082195e+02 -7.485640885718954085e-02 -4.806493925147606316e-03
2.092092092092092344e+02 -7.468789845183196330e-02 -4.829403717555336671e-03
2.102102102102102208e+02 -7.451967828684256945e-02 -4.852260864069295881e-03
2.112112112112112356e+02 -7.435172849273063989e-02 -4.875067057428051319e-03
2.122122122122122221e+02 -7.418408568207328357e-02 -4.897821894815407653e-03
2.132132132132132369e+02 -7.401674746454098286e-02 -4.920525417271868346e-03
2.142142142142142234e+02 -7.384971968999849701e-02 -4.943177690041487479e-03
2.152152152152152382e+02 -7.368301486928237332e-02 -4.965778814159017666e-03
2.162162162162162247e+02 -7.351664016252169864e-02 -4.988328987566834939e-03
2.172172172172172395e+02 -7.335060546667372672e-02 -5.010828089849210694e-03
2.182182182182182260e+02 -7.318491446682179324e-02 -5.033276453269340187e-03
2.192192192192192408e+02 -7.301957619907373243e-02 -5.055674053513013917e-03
2.202202202202202272e+02 -7.285460017296606361e-02 -5.078021079191030740e-03
2.212212212212212421e+02 -7.268998449039758281e-02 -5.100317658844063552e-03
2.222222222222222285e+02 -7.252574597137190215e-02 -5.122563946706453798e-03
2.232232232232232434e+02 -7.236188417512090520e-02 -5.144759958151058112e-03
2.242242242242242583e+02 -7.219841198125247217e-02 -5.166906324218257032e-03
2.252252252252252447e+02 -7.203532039819485200e-02 -5.189001405666254438e-03
2.262262262262262595e+02 -7.187263767041085494e-02 -5.211051063560404734e-03
2.272272272272272460e+02 -7.171034579558964450e-02 -5.233043225124766641e-03
2.282282282282282608e+02 -7.154846730588283743e-02 -5.254989696389949887e-03
2.292292292292292473e+02 -7.138699479630022937e-02 -5.276886636098952754e-03
2.302302302302302621e+02 -7.122594321298486575e-02 -5.298734095085588097e-03
2.312312312312312486e+02 -7.106530799929806907e-02 -5.320532210976954869e-03
2.322322322322322634e+02 -7.090510130623012275e-02 -5.342281158530078761e-03
2.332332332332332498e+02 -7.074532406254915862e-02 -5.363981121757941707e-03
2.342342342342342647e+02 -7.058597738077156125e-02 -5.385632237077919368e-03
2.352352352352352511e+02 -7.042706710167513651e-02 -5.407234620603688577e-03
2.362362362362362660e+02 -7.026859861940432106e-02 -5.428788462041088045e-03
2.372372372372372524e+02 -7.011057334937911834e-02 -5.450293735628690059e-03
2.382382382382382673e+02 -6.995299353365837247e-02 -5.471750622812189026e-03
2.392392392392392537e+02 -6.979586596475285953e-02 -5.493157840120229708e-03
2.402402402402402686e+02 -6.963918631067940457e-02 -5.514519908347071016e-03
2.412412412412412550e+02 -6.948297021020170827e-02 -5.535831162345557742e-03
2.422422422422422699e+02 -6.932720588093219116e-02 -5.557096029900193516e-03
2.432432432432432563e+02 -6.917190576076200081e-02 -5.578313228821211653e-03
2.442442442442442712e+02 -6.901706414261341016e-02 -5.599482904589371535e-03
2.452452452452452576e+02 -6.886268992045453674e-02 -5.620606802820446619e-03
2.462462462462462724e+02 -6.870878139959304964e-02 -5.641681967047834992e-03
2.472472472472472589e+02 -6.855534234300164620e-02 -5.662710894916148617e-03
2.482482482482482737e+02 -6.840237275343304113e-02 -5.683691152768888082e-03
2.492492492492492602e+02 -6.824987491697719066e-02 -5.704625413677462571e-03
2.502502502502502750e+02 -6.809785107862308118e-02 -5.725513019269129478e-03
2.512512512512512615e+02 -6.794630090496595054e-02 -5.746354167712601144e-03
2.522522522522522763e+02 -6.779522613249633345e-02 -5.767149010535392931e-03
2.532532532532532628e+02 -6.764462998702674978e-02 -5.787897639444922540e-03
2.542542542542542776e+02 -6.749450931760016259e-02 -5.808600174830033831e-03
2.552552552552552640e+02 -6.734486858425445255e-02 -5.829256755329343016e-03
2.562562562562562789e+02 -6.719570725644313791e-02 -5.849867519462913570e-03
2.572572572572572653e+02 -6.704702771698495267e-02 -5.870432640391634767e-03
2.582582582582583086e+02 -6.689882585789823366e-02 -5.890952330397840678e-03
2.592592592592592950e+02 -6.675110974156474308e-02 -5.911426754814639618e-03
2.602602602602602815e+02 -6.660387203738671325e-02 -5.931856019846423224e-03
2.612612612612612679e+02 -6.645711926011771409e-02 -5.952240218657566147e-03
2.622622622622623112e+02 -6.631084966451089580e-02 -5.972579488276887234e-03
2.632632632632632976e+02 -6.616506322778809013e-02 -5.992873912345680031e-03
2.642642642642642841e+02 -6.601975715287870805e-02 -6.013124481690917955e-03
2.652652652652652705e+02 -6.587493674751536410e-02 -6.033329247578981223e-03
2.662662662662663138e+02 -6.573059939097217197e-02 -6.053490545376808731e-03
2.672672672672673002e+02 -6.558674775020083281e-02 -6.073607801799964061e-03
2.682682682682682866e+02 -6.544337935380802052e-02 -6.093680927688541193e-03
2.692692692692692731e+02 -6.530049429414007400e-02 -6.113709705599854743e-03
2.702702702702703164e+02 -6.515809203236141989e-02 -6.133696018627780855e-03
2.712712712712713028e+02 -6.501617237175132125e-02 -6.153637138320605833e-03
2.722722722722722892e+02 -6.487473864629719755e-02 -6.173535728772387883e-03
2.732732732732732757e+02 -6.473378521280988285e-02 -6.193390902412923039e-03
2.742742742742743189e+02 -6.459331505436750887e-02 -6.213203097227571088e-03
2.752752752752753054e+02 -6.445332448773895273e-02 -6.232971226472660414e-03
2.762762762762762918e+02 -6.431381795500742959e-02 -6.252698214165760757e-03
2.772772772772772782e+02 -6.417479018818318670e-02 -6.272382059195127924e-03
2.782782782782783215e+02 -6.403624235814701915e-02 -6.292022378330406479e-03
2.792792792792793080e+02 -6.389817301021084861e-02 -6.311622121901479601e-03
2.802802802802802944e+02 -6.376058194146860814e-02 -6.331178789250378400e-03
2.812812812812812808e+02 -6.362346851707975648e-02 -6.350693294674108168e-03
2.822822822822823241e+02 -6.348683101099439341e-02 -6.370165864035741074e-03
2.832832832832833105e+02 -6.335066979915071617e-02 -6.389596611031613319e-03
2.842842842842842970e+02 -6.321498220547396019e-02 -6.408985848008712585e-03
2.852852852852852834e+02 -6.307976866023200235e-02 -6.428334312311479587e-03
2.862862862862863267e+02 -6.294502796320225468e-02 -6.447639536353396393e-03
2.872872872872873131e+02 -6.281075884669219678e-02 -6.466904589189232007e-03
2.882882882882882996e+02 -6.267695986166785249e-02 -6.486128569186212778e-03
2.892892892892893428e+02 -6.254363021933510847e-02 -6.505311613898855094e-03
2.902902902902903293e+02 -6.241076841894029059e-02 -6.524453906705001381e-03
2.912912912912913157e+02 -6.227837164691223809e-02 -6.543555516115264620e-03
2.922922922922923021e+02 -6.214644394675958999e-02 -6.562616688249269491e-03
2.932932932932933454e+02 -6.201497791748834809e-02 -6.581636411635505279e-03
2.942942942942943318e+02 -6.188397770956117344e-02 -6.600618087932152815e-03
2.952952952952953183e+02 -6.175343518410024435e-02 -6.619558615973204080e-03
2.962962962962963047e+02 -6.162335572723651872e-02 -6.638459181629230085e-03
2.972972972972973480e+02 -6.149373524354751624e-02 -6.657319967561455519e-03
2.982982982982983344e+02 -6.136457358200998746e-02 -6.676141116622557985e-03
2.992992992992993209e+02 -6.123586709087969898e-02 -6.694922785017934190e-03
3.003003003003003073e+02 -6.110761692266844514e-02 -6.713665124136080492e-03
3.013013013013013506e+02 -6.097981937185918688e-02 -6.732368935659044026e-03
3.023023023023023370e+02 -6.085248770953939623e-02 -6.751032138812573975e-03
3.033033033033033234e+02 -6.072559472512902706e-02 -6.769657150428704320e-03
3.043043043043043099e+02 -6.059915684134444674e-02 -6.788243339421875383e-03
3.053053053053053532e+02 -6.047315992720468658e-02 -6.806790886500734862e-03
3.063063063063063396e+02 -6.034760221707753669e-02 -6.825299897797473467e-03
3.073073073073073260e+02 -6.022250304917477898e-02 -6.843770576790349745e-03
3.083083083083083125e+02 -6.009784815570239774e-02 -6.862202980388036784e-03
3.093093093093093557e+02 -5.997363581715603464e-02 -6.880596700896594343e-03
3.103103103103103422e+02 -5.984986666786939330e-02 -6.898952913005660520e-03
3.113113113113113286e+02 -5.972653899358075502e-02 -6.917271779996653214e-03
3.123123123123123150e+02 -5.960364856709192416e-02 -6.935552222866125070e-03
3.133133133133133583e+02 -5.948119614450206316e-02 -6.953795467193648813e-03
3.143143143143143448e+02 -5.935918073440243220e-02 -6.972001158496787983e-03
3.153153153153153312e+02 -5.923760089158765230e-02 -6.990169518639643455e-03
3.163163163163163176e+02 -5.911645351296310191e-02 -7.008301083593336880e-03
3.173173173173173609e+02 -5.899573752760916417e-02 -7.026394704399202204e-03
3.183183183183183473e+02 -5.887545264837448084e-02 -7.044451832757326823e-03
3.193193193193193338e+02 -5.875559602681947741e-02 -7.062472184269354310e-03
3.203203203203203202e+02 -5.863616649364621070e-02 -7.080455924760769952e-03
3.213213213213213635e+02 -5.851716339589171922e-02 -7.098403141937795376e-03
3.223223223223223499e+02 -5.839858349866717396e-02 -7.116313262321685186e-03
3.233233233233233364e+02 -5.828042651501750410e-02 -7.134188529093499556e-03
3.243243243243243796e+02 -5.816270193368902608e-02 -7.152026930182805477e-03
3.253253253253253661e+02 -5.804537271589617353e-02 -7.169829261769458499e-03
3.263263263263263525e+02 -5.792847228415163446e-02 -7.187595826148467960e-03
3.273273273273273389e+02 -5.781198734499148895e-02 -7.205326520611894485e-03
3.283283283283283822e+02 -5.769591785329261646e-02 -7.223022528436379673e-03
3.293293293293293686e+02 -5.758026225906924533e-02 -7.240681343275058232e-03
3.303303303303303551e+02 -5.746501497258302282e-02 -7.258305532777917755e-03
3.313313313313313415e+02 -5.735017781172069284e-02 -7.275894689740190074e-03
3.323323323323323848e+02 -5.723574863817615377e-02 -7.293448138686470412e-03
3.333333333333333712e+02 -5.712172859569202010e-02 -7.310967089837729950e-03
3.343343343343343577e+02 -5.700810884503887399e-02 -7.328450942915175868e-03
3.353353353353353441e+02 -5.689489641118419816e-02 -7.345900042559685636e-03
3.363363363363363874e+02 -5.678208206271428971e-02 -7.363313426580585762e-03
3.373373373373373738e+02 -5.666966981989946667e-02 -7.380695483745776560e-03
3.383383383383383602e+02 -5.655765646747329400e-02 -7.398041219673304018e-03
3.393393393393393467e+02 -5.644603820548431405e-02 -7.415352683577175821e-03
3.403403403403403900e+02 -5.633481324612275853e-02 -7.432630022288692559e-03
3.413413413413413764e+02 -5.622398326111018030e-02 -7.449873368565654644e-03
3.423423423423423628e+02 -5.611354507673720765e-02 -7.467082869497245791e-03
3.433433433433433493e+02 -5.600349609166613979e-02 -7.484258479355476029e-03
3.443443443443443925e+02 -5.589383949432308318e-02 -7.501399849017001409e-03
3.453453453453453790e+02 -5.578456549354338795e-02 -7.518508828533998489e-03
3.463463463463463654e+02 -5.567567938678356920e-02 -7.535583880008525463e-03
3.473473473473473518e+02 -5.556717742647164504e-02 -7.552625617382554245e-03
3.483483483483483951e+02 -5.545905634727017058e-02 -7.569634150296297541e-03
3.493493493493493816e+02 -5.535132154041139119e-02 -7.586609639580983895e-03
3.503503503503503680e+02 -5.524396308317196941e-02 -7.603552162818006874e-03
3.513513513513513544e+02 -5.513698048685719555e-02 -7.620462037034065640e-03
3.523523523523523977e+02 -5.503037561265455846e-02 -7.637339044388861443e-03
3.533533533533533841e+02 -5.492414394999106664e-02 -7.654183450342025991e-03
3.543543543543543706e+02 -5.481828499179463438e-02 -7.670995352542858518e-03
3.553553553553554138e+02 -5.471279932626661041e-02 -7.687775463717644135e-03
3.563563563563564003e+02 -5.460768270847900924e-02 -7.704522093968240413e-03
3.573573573573573867e+02 -5.450293417260530793e-02 -7.721237127106626158e-03
3.583583583583583732e+02 -5.439855363831883062e-02 -7.737920198063532283e-03
3.593593593593594164e+02 -5.429453821391127394e-02 -7.754571375241252167e-03
3.603603603603604029e+02 -5.419088402746746747e-02 -7.771190735553421859e-03
3.613613613613613893e+02 -5.408759300263940584e-02 -7.787778353508383565e-03
3.623623623623623757e+02 -5.398466336725714354e-02 -7.804334061599303360e-03
3.633633633633634190e+02 -5.388209055676204673e-02 -7.820858861032405074e-03
3.643643643643644054e+02 -5.377987757666689156e-02 -7.837352014117738783e-03
3.653653653653653919e+02 -5.367801629845391637e-02 -7.853813973559317652e-03
3.663663663663663783e+02 -5.357651312448059866e-02 -7.870244752312897940e-03
3.673673673673674216e+02 -5.347535898477201455e-02 -7.886644478512670406e-03
3.683683683683684080e+02 -5.337456121279797461e-02 -7.903013252621734694e-03
3.693693693693693945e+02 -5.327411006057104770e-02 -7.919350963323093517e-03
3.703703703703703809e+02 -5.317400630349568280e-02 -7.935658145195041702e-03
3.713713713713714242e+02 -5.307424786301701003e-02 -7.951934745646083852e-03
3.723723723723724106e+02 -5.297483534637283109e-02 -7.968181070930554361e-03
3.733733733733733970e+02 -5.287576641626710872e-02 -7.984396794031246511e-03
3.743743743743743835e+02 -5.277703847344183269e-02 -8.000582182157819217e-03
3.753753753753754268e+02 -5.267864958415242188e-02 -8.016737340004307169e-03
3.763763763763764132e+02 -5.258059869228656757e-02 -8.032862087379558438e-03
3.773773773773773996e+02 -5.248288709460313672e-02 -8.048957479562421705e-03
3.783783783783783861e+02 -5.238551223828118858e-02 -8.065022728602259938e-03
3.793793793793794293e+02 -5.228846857870080717e-02 -8.081058242325500282e-03
3.803803803803804158e+02 -5.219175795988850036e-02 -8.097063962600037704e-03
3.813813813813814022e+02 -5.209537856963592645e-02 -8.113040128662551281e-03
3.823823823823823886e+02 -5.199932847636703354e-02 -8.128986704166280344e-03
3.833833833833834319e+02 -5.190360688964595209e-02 -8.144904162560934885e-03
3.843843843843844184e+02 -5.180821071854066484e-02 -8.160792104906841940e-03
3.853853853853854048e+02 -5.171313963188923363e-02 -8.176650741131946329e-03
3.863863863863864481e+02 -5.161839221208822104e-02 -8.192481178381168933e-03
3.873873873873874345e+02 -5.152396722800074713e-02 -8.208281963671697559e-03
3.883883883883884209e+02 -5.142986198423894068e-02 -8.224053734106825941e-03
3.893893893893894074e+02 -5.133607615398307761e-02 -8.239796360101836123e-03
3.903903903903904506e+02 -5.124260757650882930e-02 -8.255510792860284996e-03
3.913913913913914371e+02 -5.114945473702590256e-02 -8.271196597933121175e-03
3.923923923923924235e+02 -5.105661773103964407e-02 -8.286853524140734562e-03
3.933933933933934100e+02 -5.096409251474163377e-02 -8.302482369004210785e-03
3.943943943943944532e+02 -5.087188142432601951e-02 -8.318083718483420749e-03
3.953953953953954397e+02 -5.077997909367412688e-02 -8.333656111550361012e-03
3.963963963963964261e+02 -5.068838678552346766e-02 -8.349200422438814162e-03
3.973973973973974125e+02 -5.059710156393658342e-02 -8.364716738045823580e-03
3.983983983983984558e+02 -5.050612129331939065e-02 -8.380205155278300580e-03
3.993993993993994422e+02 -5.041544778114303432e-02 -8.395666166301553671e-03
4.004004004004004287e+02 -5.032507569220921739e-02 -8.411099253595353056e-03
4.014014014014014151e+02 -5.023500788983532861e-02 -8.426504141970218159e-03
4.024024024024024584e+02 -5.014523949345164877e-02 -8.441881664532894028e-03
4.034034034034034448e+02 -5.005577123672942663e-02 -8.457231595946685179e-03
4.044044044044044313e+02 -4.996660006105060198e-02 -8.472554526189971999e-03
4.054054054054054177e+02 -4.987772609561916953e-02 -8.487850081399170299e-03
4.064064064064064610e+02 -4.978914681259676706e-02 -8.503118170012986810e-03
4.074074074074074474e+02 -4.970086260129435302e-02 -8.518359686749453832e-03
4.084084084084084338e+02 -4.961286954900174379e-02 -8.533573978240373281e-03
4.094094094094094203e+02 -4.952516909955066715e-02 -8.548761348774195495e-03
4.104104104104104636e+02 -4.943775767023581014e-02 -8.563921896997270244e-03
4.114114114114114500e+02 -4.935063630996306544e-02 -8.579055710095252058e-03
4.124124124124124364e+02 -4.926380052615965399e-02 -8.594162894324549121e-03
4.134134134134134229e+02 -4.917725240529052799e-02 -8.609243769499893423e-03
4.144144144144144661e+02 -4.909098868551220463e-02 -8.624296951942830164e-03
4.154154154154154526e+02 -4.900500990386270211e-02 -8.639324656769857558e-03
4.164164164164164390e+02 -4.891931090626988610e-02 -8.654325784780043940e-03
4.174174174174174823e+02 -4.883389438842281050e-02 -8.669301308898286207e-03
4.184184184184184687e+02 -4.874875853979495494e-02 -8.684254933735195692e-03
4.194194194194194552e+02 -4.866389976617226110e-02 -8.699173472030634346e-03
4.204204204204204416e+02 -4.857932017024369636e-02 -8.714070135481980645e-03
4.214214214214214849e+02 -4.849501347270919471e-02 -8.728941722090689803e-03
4.224224224224224713e+02 -4.841098577331241076e-02 -8.743787696379035426e-03
4.234234234234234577e+02 -4.832722838787520403e-02 -8.758607336495692272e-03
4.244244244244244442e+02 -4.824374572617443069e-02 -8.773401437592785040e-03
4.254254254254254874e+02 -4.816053261148900422e-02 -8.788170385405516191e-03
4.264264264264264739e+02 -4.807759127171691571e-02 -8.802913672389747063e-03
4.274274274274274603e+02 -4.799491788459517294e-02 -8.817631370124576207e-03
4.284284284284284468e+02 -4.791251286296785428e-02 -8.832323717543277830e-03
4.294294294294294900e+02 -4.783037405048646412e-02 -8.846990874430098531e-03
4.304304304304304765e+02 -4.774850081019388348e-02 -8.861632913615569845e-03
4.314314314314314629e+02 -4.766689130684831355e-02 -8.876249919757748380e-03
4.324324324324324493e+02 -4.758554520460639425e-02 -8.890841989681127003e-03
4.334334334334334926e+02 -4.750446772204269114e-02 -8.905398875348516027e-03
4.344344344344344790e+02 -4.742363837287696254e-02 -8.919951949938107957e-03
4.354354354354354655e+02 -4.734307445601017988e-02 -8.934469267132091191e-03
4.364364364364364519e+02 -4.726276852967523784e-02 -8.948962389346544130e-03
4.374374374374374952e+02 -4.718272212969186474e-02 -8.963430923006599632e-03
4.384384384384384816e+02 -4.710292980737127572e-02 -8.977874980204619132e-03
4.394394394394394681e+02 -4.702339458809621370e-02 -8.992294574097694365e-03
4.404404404404404545e+02 -4.694411177101779492e-02 -9.006689782317488582e-03
4.414414414414414978e+02 -4.686508224383945098e-02 -9.021059975406087172e-03
4.424424424424424842e+02 -4.678630592263020860e-02 -9.035407105195908048e-03
4.434434434434434706e+02 -4.670777805907432023e-02 -9.049730157241048928e-03
4.444444444444444571e+02 -4.662950317881535411e-02 -9.064028876951525301e-03
4.454454454454455004e+02 -4.655147271812883764e-02 -9.078303702766164079e-03
4.464464464464464868e+02 -4.647369293093086412e-02 -9.092554712591779942e-03
4.474474474474474732e+02 -4.639615946472900460e-02 -9.106781834086009886e-03
4.484484484484485165e+02 -4.631886941959117987e-02 -9.120985379301827650e-03
4.494494494494495029e+02 -4.624182997554560082e-02 -9.135165521697147933e-03
4.504504504504504894e+02 -4.616502084869244377e-02 -9.149321104280920894e-03
4.514514514514514758e+02 -4.608846954530516210e-02 -9.163453651064039709e-03
4.524524524524525191e+02 -4.601214691138928725e-02 -9.177562893365333319e-03
4.534534534534535055e+02 -4.593607281826786459e-02 -9.191648931559123423e-03
4.544544544544544920e+02 -4.586023407157732712e-02 -9.205711608820821984e-03
4.554554554554554784e+02 -4.578463371250209718e-02 -9.219751191682752992e-03
4.564564564564565217e+02 -4.570927084545230862e-02 -9.233767322122525198e-03
4.574574574574575081e+02 -4.563414375346705465e-02 -9.247761079624142525e-03
4.584584584584584945e+02 -4.555925316974329675e-02 -9.261731140155158790e-03
4.594594594594594810e+02 -4.548459702055346332e-02 -9.275678341241657202e-03
4.604604604604605242e+02 -4.541017014751539543e-02 -9.289602805363086219e-03
4.614614614614615107e+02 -4.533597896448181286e-02 -9.303504596801452642e-03
4.624624624624624971e+02 -4.526201983404697787e-02 -9.317383695160186621e-03
4.634634634634634835e+02 -4.518828707779515286e-02 -9.331239584355270622e-03
4.644644644644645268e+02 -4.511478461534635526e-02 -9.345073901767343705e-03
4.654654654654655133e+02 -4.504151099862079705e-02 -9.358885487536836370e-03
4.664664664664664997e+02 -4.496846558534065702e-02 -9.372674713883174039e-03
4.674674674674674861e+02 -4.489573127128976271e-02 -9.386441344883280496e-03
4.684684684684685294e+02 -4.482305051553440306e-02 -9.400185631677321699e-03
4.694694694694695158e+02 -4.475067913822874249e-02 -9.413907684117730351e-03
4.704704704704705023e+02 -4.467853266460380945e-02 -9.427607642875299176e-03
4.714714714714714887e+02 -4.460660736864270615e-02 -9.441285795638958145e-03
4.724724724724725320e+02 -4.453490397539926204e-02 -9.454942353020419354e-03
4.734734734734735184e+02 -4.446342039510220445e-02 -9.468576516089260986e-03
4.744744744744745049e+02 -4.439215767953581804e-02 -9.482187925963640393e-03
4.754754754754754913e+02 -4.432111382829613533e-02 -9.495778284493220506e-03
4.764764764764765346e+02 -4.425028597158359167e-02 -9.509346836590718693e-03
4.774774774774775210e+02 -4.417967371434501633e-02 -9.522893745068594651e-03
4.784784784784785074e+02 -4.410928249434614701e-02 -9.536418972425509538e-03
4.794794794794794939e+02 -4.403910401618998938e-02 -9.549922847656698924e-03
4.804804804804805372e+02 -4.396913867156566902e-02 -9.563404484766228203e-03
4.814814814814815236e+02 -4.389938385045455416e-02 -9.576864769033516592e-03
4.824824824824825100e+02 -4.382984633338199432e-02 -9.590305709429000278e-03
4.834834834834835533e+02 -4.376051523390377812e-02 -9.603724087167487752e-03
4.844844844844845397e+02 -4.369139906420964337e-02 -9.617121236125672143e-03
4.854854854854855262e+02 -4.362248924058526045e-02 -9.630497202544432631e-03
4.864864864864865126e+02 -4.355378966966454157e-02 -9.643852156919346941e-03
4.874874874874875559e+02 -4.348529733945537268e-02 -9.657186004911090527e-03
4.884884884884885423e+02 -4.341701078614974146e-02 -9.670499298268122809e-03
4.894894894894895288e+02 -4.334893193081669482e-02 -9.683790954055509353e-03
4.904904904904905152e+02 -4.328105726344438214e-02 -9.697062138080829105e-03
4.914914914914915585e+02 -4.321340681672443396e-02 -9.710312625725019131e-03
4.924924924924925449e+02 -4.314592027338771257e-02 -9.723542576693075187e-03
4.934934934934935313e+02 -4.307865628981037004e-02 -9.736751885535454079e-03
4.944944944944945178e+02 -4.301159375131839713e-02 -9.749940192969309277e-03
4.954954954954955610e+02 -4.294473220258219343e-02 -9.763108065812474770e-03
4.964964964964965475e+02 -4.287806931807098404e-02 -9.776255638347129684e-03
4.974974974974975339e+02 -4.281160714366413073e-02 -9.789383324963974592e-03
4.984984984984985203e+02 -4.274534186279299597e-02 -9.802489989507298315e-03
4.994994994994995636e+02 -4.267927581880315291e-02 -9.815576388746792905e-03
5.005005005005005501e+02 -4.261340439023684340e-02 -9.828642230260800292e-03
5.015015015015015365e+02 -4.254773058285229309e-02 -9.841688401957661078e-03
5.025025025025025229e+02 -4.248224985543035820e-02 -9.854714508570597623e-03
5.035035035035035662e+02 -4.241696435335594317e-02 -9.867721664141931859e-03
5.045045045045045526e+02 -4.235187208986320589e-02 -9.880706557651724661e-03
5.055055055055055391e+02 -4.228697182594830933e-02 -9.893673004084439782e-03
5.065065065065065255e+02 -4.222226365671166021e-02 -9.906619244806295216e-03
5.075075075075075688e+02 -4.215774652910343756e-02 -9.919545731738008826e-03
5.085085085085085552e+02 -4.209341920805822340e-02 -9.932452473474136234e-03
5.095095095095095417e+02 -4.202927977864017589e-02 -9.945334177680889218e-03
5.105105105105105281e+02 -4.196533139728408218e-02 -9.958207585211660551e-03
5.115115115115115714e+02 -4.190156800992857894e-02 -9.971055307649719437e-03
5.125125125125125578e+02 -4.183799336507031813e-02 -9.983883251389281607e-03
5.135135135135135442e+02 -4.177460336659137574e-02 -9.996692320021722394e-03
5.145145145145145307e+02 -4.171139992025695020e-02 -1.000948189799008743e-02
5.155155155155155171e+02 -4.164838269985418617e-02 -1.002225216466877573e-02
5.165165165165166172e+02 -4.158554421280445668e-02 -1.003500314793813464e-02
5.175175175175176037e+02 -4.152289193270979062e-02 -1.004773468050823397e-02
5.185185185185185901e+02 -4.146042069049486051e-02 -1.006044701859573273e-02
5.195195195195195765e+02 -4.139813294367446217e-02 -1.007314081574113909e-02
5.205205205205205630e+02 -4.133602230380825637e-02 -1.008581555309493935e-02
5.215215215215215494e+02 -4.127409671636747546e-02 -1.009846965773793931e-02
5.225225225225225358e+02 -4.121234461090104301e-02 -1.011110603069195410e-02
5.235235235235235223e+02 -4.115078089032658121e-02 -1.012372364302204820e-02
5.245245245245246224e+02 -4.108938032929306677e-02 -1.013632330891999986e-02
5.255255255255256088e+02 -4.102816434894813319e-02 -1.014890348425728957e-02
5.265265265265265953e+02 -4.096712438807411510e-02 -1.016146433863465530e-02
5.275275275275275817e+02 -4.090625784000331833e-02 -1.017400650477219212e-02
5.285285285285285681e+02 -4.084556808980790293e-02 -1.018653074771338173e-02
5.295295295295295546e+02 -4.078505212242844458e-02 -1.019903600270030512e-02
5.305305305305305410e+02 -4.072470868333592786e-02 -1.021152284507471572e-02
5.315315315315315274e+02 -4.066453860576213497e-02 -1.022399117962916396e-02
5.325325325325326276e+02 -4.060453940197411571e-02 -1.023644110291019489e-02
5.335335335335336140e+02 -4.054471216545862955e-02 -1.024887275464265481e-02
5.345345345345346004e+02 -4.048505485463603504e-02 -1.026128625299583055e-02
5.355355355355355869e+02 -4.042556725653184690e-02 -1.027368089172390857e-02
5.365365365365365733e+02 -4.036624827934873205e-02 -1.028605796246985157e-02
5.375375375375375597e+02 -4.030709830443958419e-02 -1.029841661292005273e-02
5.385385385385385462e+02 -4.024811597601458263e-02 -1.031075716873179442e-02
5.395395395395395326e+02 -4.018929953941994399e-02 -1.032307969222515283e-02
5.405405405405406327e+02 -4.013064983975140471e-02 -1.033538430058241094e-02
5.415415415415416192e+02 -4.007216613219385243e-02 -1.034767080570068651e-02
5.425425425425426056e+02 -4.001384692569053686e-02 -1.035993960663588419e-02
5.435435435435435920e+02 -3.995569211914321017e-02 -1.037219159065771827e-02
5.445445445445445785e+02 -3.989770038895252419e-02 -1.038442455023900167e-02
5.455455455455455649e+02 -3.983987263642315563e-02 -1.039663932527911706e-02
5.465465465465465513e+02 -3.978220546745458303e-02 -1.040883682932582967e-02
5.475475475475476514e+02 -3.972468785678713588e-02 -1.042101662480865790e-02
5.485485485485486379e+02 -3.966735599100827681e-02 -1.043317898421725586e-02
5.495495495495496243e+02 -3.961017225925129309e-02 -1.044532377830206631e-02
5.505505505505506108e+02 -3.955314765035759794e-02 -1.045745099561458218e-02
5.515515515515515972e+02 -3.949628266370461271e-02 -1.046956026587024177e-02
5.525525525525525836e+02 -3.943957506240352434e-02 -1.048165330870842564e-02
5.535535535535535701e+02 -3.938302529934381568e-02 -1.049372876657110425e-02
5.545545545545545565e+02 -3.932663266451241757e-02 -1.050578642744381432e-02
5.555555555555556566e+02 -3.927039588595905573e-02 -1.051782709009507939e-02
5.565565565565566430e+02 -3.921431634681127321e-02 -1.052985115467629414e-02
5.575575575575576295e+02 -3.915839134808511701e-02 -1.054185674455822286e-02
5.585585585585586159e+02 -3.910261904789348597e-02 -1.055384584101957783e-02
5.595595595595596023e+02 -3.904700239791835531e-02 -1.056581716016682763e-02
5.605605605605605888e+02 -3.899153830347960870e-02 -1.057777176046885773e-02
5.615615615615615752e+02 -3.893622705667815903e-02 -1.058970995596698363e-02
5.625625625625625617e+02 -3.888106732790199555e-02 -1.060163123471018556e-02
5.635635635635636618e+02 -3.882606030252185730e-02 -1.061353561683496712e-02
5.645645645645646482e+02 -3.877120307839689722e-02 -1.062542414108026689e-02
5.655655655655656346e+02 -3.871649579294782206e-02 -1.063729480698818314e-02
5.665665665665666211e+02 -3.866193811106420630e-02 -1.064914868444985854e-02
5.675675675675676075e+02 -3.860752649061153369e-02 -1.066098559893868640e-02
5.685685685685685939e+02 -3.855327134479903661e-02 -1.067280631929197823e-02
5.695695695695695804e+02 -3.849915788032969022e-02 -1.068461026673650158e-02
5.705705705705705668e+02 -3.844519359093461625e-02 -1.069639664517618542e-02
5.715715715715716669e+02 -3.839137550557041034e-02 -1.070816855070512962e-02
5.725725725725726534e+02 -3.833770318477743716e-02 -1.071992292804403724e-02
5.735735735735736398e+02 -3.828417760792968139e-02 -1.073166135059723525e-02
5.745745745745746262e+02 -3.823079544201037072e-02 -1.074338316249114252e-02
5.755755755755756127e+02 -3.817755988502672532e-02 -1.075508851914115487e-02
5.765765765765765991e+02 -3.812446565181537572e-02 -1.076677710704962258e-02
5.775775775775775855e+02 -3.807151665050184652e-02 -1.077844987953174155e-02
5.785785785785786857e+02 -3.801870866522123749e-02 -1.079010643519852375e-02
5.795795795795796721e+02 -3.796604373316131431e-02 -1.080174675808132263e-02
5.805805805805806585e+02 -3.791352273141914558e-02 -1.081337092993734511e-02
5.815815815815816450e+02 -3.786113771635025993e-02 -1.082497882202761511e-02
5.825825825825826314e+02 -3.780889876437536212e-02 -1.083656989322135875e-02
5.835835835835836178e+02 -3.775679523717715563e-02 -1.084814620982084074e-02
5.845845845845846043e+02 -3.770483464346396918e-02 -1.085970696136190350e-02
5.855855855855855907e+02 -3.765299477648452464e-02 -1.087125139962925521e-02
5.865865865865866908e+02 -3.760132590274918585e-02 -1.088277996429868472e-02
5.875875875875876773e+02 -3.754977958930941911e-02 -1.089429259728052352e-02
5.885885885885886637e+02 -3.749836962782451821e-02 -1.090578946843371103e-02
5.895895895895896501e+02 -3.744709744890750008e-02 -1.091727061426079476e-02
5.905905905905906366e+02 -3.739596134909043551e-02 -1.092873647602430123e-02
5.915915915915916230e+02 -3.734496038402275453e-02 -1.094018625714315504e-02
5.925925925925926094e+02 -3.729409584001790179e-02 -1.095162042167795863e-02
5.935935935935935959e+02 -3.724336617419845424e-02 -1.096303905714945959e-02
5.945945945945946960e+02 -3.719277059804981106e-02 -1.097444223718653696e-02
5.955955955955956824e+02 -3.714230836263441443e-02 -1.098582990384199855e-02
5.965965965965966689e+02 -3.709197905997342615e-02 -1.099720213613129827e-02
5.975975975975976553e+02 -3.704178312209936014e-02 -1.100855898912877530e-02
5.985985985985986417e+02 -3.699171820710690783e-02 -1.101990024401120448e-02
5.995995995995996282e+02 -3.694178601808452422e-02 -1.103122650986289310e-02
6.006006006006006146e+02 -3.689198444668700255e-02 -1.104253770761181100e-02
6.016016016016016010e+02 -3.684231490871420905e-02 -1.105383316894381455e-02
6.026026026026027012e+02 -3.679277537406757531e-02 -1.106511361255449119e-02
6.036036036036036876e+02 -3.674336495922888440e-02 -1.107638358109611261e-02
6.046046046046046740e+02 -3.669408397155808632e-02 -1.108762912797314412e-02
6.056056056056056605e+02 -3.664493230701806187e-02 -1.109886426295974074e-02
6.066066066066066469e+02 -3.659590823790010577e-02 -1.111008435203757021e-02
6.076076076076076333e+02 -3.654701337494528635e-02 -1.112128924837224760e-02
6.086086086086086198e+02 -3.649824401588419587e-02 -1.113247957326733706e-02
6.096096096096097199e+02 -3.644960340987838526e-02 -1.114365464792524754e-02
6.106106106106107063e+02 -3.640108801577509462e-02 -1.115481491048038627e-02
6.116116116116116928e+02 -3.635269952819025069e-02 -1.116596032456673195e-02
6.126126126126126792e+02 -3.630443641540917477e-02 -1.117709098223669192e-02
6.136136136136136656e+02 -3.625629717706273236e-02 -1.118820686519858207e-02
6.146146146146146521e+02 -3.620828495110002543e-02 -1.119930809593537580e-02
6.156156156156156385e+02 -3.616039435491730930e-02 -1.121039433927769995e-02
6.166166166166166249e+02 -3.611262916190319944e-02 -1.122146633515626324e-02
6.176176176176177250e+02 -3.606498630573666542e-02 -1.123252475487606858e-02
6.186186186186187115e+02 -3.601746666262706925e-02 -1.124357569305018366e-02
6.196196196196196979e+02 -3.597006871334493955e-02 -1.125459539220278679e-02
6.206206206206206843e+02 -3.592279395001517217e-02 -1.126560767766423068e-02
6.216216216216216708e+02 -3.587563970143835962e-02 -1.127660678398000049e-02
6.226226226226226572e+02 -3.582860662484448067e-02 -1.128759112203789675e-02
6.236236236236236437e+02 -3.578169312481857545e-02 -1.129856168908324569e-02
6.246246246246246301e+02 -3.573490155458697998e-02 -1.130951763632660756e-02
6.256256256256257302e+02 -3.568822907538429096e-02 -1.132045927087783552e-02
6.266266266266267166e+02 -3.564167539335418022e-02 -1.133138655972577846e-02
6.276276276276277031e+02 -3.559524104415166118e-02 -1.134229962635927361e-02
6.286286286286286895e+02 -3.554892315435109751e-02 -1.135319860978693286e-02
6.296296296296296759e+02 -3.550272657648596841e-02 -1.136408353168801358e-02
6.306306306306306624e+02 -3.545664319296331496e-02 -1.137495422470701477e-02
6.316316316316316488e+02 -3.541068156037856240e-02 -1.138581070936477320e-02
6.326326326326326353e+02 -3.536483323785007127e-02 -1.139665302891270000e-02
6.336336336336337354e+02 -3.531910292102418553e-02 -1.140748129358144444e-02
6.346346346346347218e+02 -3.527348674983304261e-02 -1.141829550642379197e-02
6.356356356356357082e+02 -3.522798821589968876e-02 -1.142909576820929328e-02
6.366366366366366947e+02 -3.518260273761855683e-02 -1.143988226633782870e-02
6.376376376376376811e+02 -3.513733241167527055e-02 -1.145065483160790168e-02
6.386386386386386675e+02 -3.509217621195988290e-02 -1.146141359926375509e-02
6.396396396396396540e+02 -3.504713276762410484e-02 -1.147215848973461710e-02
6.406406406406406404e+02 -3.500220447001044233e-02 -1.148288963318193877e-02
6.416416416416417405e+02 -3.495738751804972066e-02 -1.149360675714434198e-02
6.426426426426427270e+02 -3.491268381867453086e-02 -1.150431050411132410e-02
6.436436436436437134e+02 -3.486809194021363995e-02 -1.151500045808195698e-02
6.446446446446446998e+02 -3.482361099342522193e-02 -1.152567708691839415e-02
6.456456456456456863e+02 -3.477924253052022685e-02 -1.153633977600317974e-02
6.466466466466466727e+02 -3.473498942032555992e-02 -1.154699029784631362e-02
6.476476476476476591e+02 -3.469083595589488034e-02 -1.155762458985494512e-02
6.486486486486487593e+02 -3.464679926125807663e-02 -1.156824854492990995e-02
6.496496496496497457e+02 -3.460286947536421465e-02 -1.157885716685762463e-02
6.506506506506507321e+02 -3.455905246193257535e-02 -1.158945213322827225e-02
6.516516516516517186e+02 -3.451534016216314255e-02 -1.160003370887793296e-02
6.526526526526527050e+02 -3.447173983524316754e-02 -1.161060209369226166e-02
6.536536536536536914e+02 -3.442824568333644614e-02 -1.162115714861990980e-02
6.546546546546546779e+02 -3.438485994751939306e-02 -1.163169892419057584e-02
6.556556556556556643e+02 -3.434158091535453872e-02 -1.164223356903376812e-02
6.566566566566567644e+02 -3.429840891404568187e-02 -1.165274165097805216e-02
6.576576576576577509e+02 -3.425534330625699259e-02 -1.166324465077118663e-02
6.586586586586587373e+02 -3.421238419263396280e-02 -1.167373368991588868e-02
6.596596596596597237e+02 -3.416953258969371993e-02 -1.168420947583464348e-02
6.606606606606607102e+02 -3.412677799436648896e-02 -1.169467211323761344e-02
6.616616616616616966e+02 -3.408414059232277998e-02 -1.170512159842054117e-02
6.626626626626626830e+02 -3.404159846026098141e-02 -1.171555812513161952e-02
6.636636636636636695e+02 -3.399916593445166668e-02 -1.172598195269338936e-02
6.646646646646647696e+02 -3.395683465598960116e-02 -1.173639179761390948e-02
6.656656656656657560e+02 -3.391460606781573905e-02 -1.174678926680865730e-02
6.666666666666667425e+02 -3.387248337789416919e-02 -1.175717386614453901e-02
6.676676676676677289e+02 -3.383046169775882905e-02 -1.176754557985084521e-02
6.686686686686687153e+02 -3.378853776529370384e-02 -1.177790426373829386e-02
6.696696696696697018e+02 -3.374672356312206911e-02 -1.178825013537483993e-02
6.706706706706706882e+02 -3.370500693874207282e-02 -1.179858295960094401e-02
6.716716716716716746e+02 -3.366339429908326436e-02 -1.180890360991276346e-02
6.726726726726727748e+02 -3.362188004923375578e-02 -1.181921122284203783e-02
6.736736736736737612e+02 -3.358046602082975091e-02 -1.182950611251758558e-02
6.746746746746747476e+02 -3.353915292617047628e-02 -1.183978824835427504e-02
6.756756756756757341e+02 -3.349793826632723598e-02 -1.185005790258497962e-02
6.766766766766767205e+02 -3.345682543653707292e-02 -1.186031589081574210e-02
6.776776776776777069e+02 -3.341581029874211156e-02 -1.187056052054671559e-02
6.786786786786786934e+02 -3.337489492398954677e-02 -1.188079232687114066e-02
6.796796796796797935e+02 -3.333407482309025394e-02 -1.189101178140741788e-02
6.806806806806807799e+02 -3.329335622989033905e-02 -1.190121869697419350e-02
6.816816816816817663e+02 -3.325273320159213841e-02 -1.191141338094441927e-02
6.826826826826827528e+02 -3.321220877197689908e-02 -1.192159521489245637e-02
6.836836836836837392e+02 -3.317178009748183304e-02 -1.193176484807783981e-02
6.846846846846847257e+02 -3.313144844410723794e-02 -1.194192198449580897e-02
6.856856856856857121e+02 -3.309120935995315399e-02 -1.195206692758876005e-02
6.866866866866866985e+02 -3.305107323084424675e-02 -1.196219964575377138e-02
6.876876876876877986e+02 -3.301102975453036603e-02 -1.197231998358296370e-02
6.886886886886887851e+02 -3.297108162997969966e-02 -1.198242808698118597e-02
6.896896896896897715e+02 -3.293122781781267910e-02 -1.199252393586572665e-02
6.906906906906907579e+02 -3.289146845985602141e-02 -1.200260756860189668e-02
6.916916916916917444e+02 -3.285180398224948894e-02 -1.201267921167307670e-02
6.926926926926927308e+02 -3.281223238348497662e-02 -1.202273840701524772e-02
6.936936936936937173e+02 -3.277275538969791346e-02 -1.203278561573462892e-02
6.946946946946947037e+02 -3.273337096885407804e-02 -1.204282096083032425e-02
6.956956956956958038e+02 -3.269407883833251593e-02 -1.205284388721360872e-02
6.966966966966967902e+02 -3.265488071450640267e-02 -1.206285498284472707e-02
6.976976976976977767e+02 -3.261577375241140470e-02 -1.207285408969679952e-02
6.986986986986987631e+02 -3.257675955418306429e-02 -1.208284108193243174e-02
6.996996996996997495e+02 -3.253783540363967830e-02 -1.209281616080848387e-02
7.007007007007007360e+02 -3.249900473523001376e-02 -1.210277962018775286e-02
7.017017017017017224e+02 -3.246026375957673793e-02 -1.211273082037501482e-02
7.027027027027027088e+02 -3.242161448906310389e-02 -1.212267051667616571e-02
7.037037037037038090e+02 -3.238305347484198710e-02 -1.213259820743633512e-02
7.047047047047047954e+02 -3.234458357043842880e-02 -1.214251415597619385e-02
7.057057057057057818e+02 -3.230620464648727846e-02 -1.215241660771311343e-02
7.067067067067067683e+02 -3.226790935864053134e-02 -1.216230909076433837e-02
7.077077077077077547e+02 -3.222971291961207463e-02 -1.217218951023285763e-02
7.087087087087087411e+02 -3.219159741684404774e-02 -1.218205863167986201e-02
7.097097097097097276e+02 -3.215357475213084792e-02 -1.219191580636588834e-02
7.107107107107108277e+02 -3.211563816409256783e-02 -1.220176147392385523e-02
7.117117117117118141e+02 -3.207778942254489035e-02 -1.221159551196101742e-02
7.127127127127128006e+02 -3.204002897521736337e-02 -1.222141802865629213e-02
7.137137137137137870e+02 -3.200236804134247437e-02 -1.223122861295722688e-02
7.147147147147147734e+02 -3.196476873762126025e-02 -1.224102824847001295e-02
7.157157157157157599e+02 -3.192726956483599859e-02 -1.225081616607580706e-02
7.167167167167167463e+02 -3.188985604210269054e-02 -1.226059234844351260e-02
7.177177177177177327e+02 -3.185252765132964847e-02 -1.227035753346829468e-02
7.187187187187188329e+02 -3.181528806903979184e-02 -1.228011110046296935e-02
7.197197197197198193e+02 -3.177813145947069873e-02 -1.228985350105294902e-02
7.207207207207208057e+02 -3.174106136407688072e-02 -1.229958402346966601e-02
7.217217217217217922e+02 -3.170407569791306585e-02 -1.230930305512498678e-02
7.227227227227227786e+02 -3.166717429315478449e-02 -1.231901117631560919e-02
7.237237237237237650e+02 -3.163035667793200750e-02 -1.232870796216981382e-02
7.247247247247247515e+02 -3.159362468783388084e-02 -1.233839368100045873e-02
7.257257257257257379e+02 -3.155697602392931039e-02 -1.234806778527661880e-02
7.267267267267268380e+02 -3.152041027182161947e-02 -1.235773060313110835e-02
7.277277277277278245e+02 -3.148392795166800318e-02 -1.236738243880236392e-02
7.287287287287288109e+02 -3.144752951136034480e-02 -1.237702319257652159e-02
7.297297297297297973e+02 -3.141121350630154269e-02 -1.238665314722020398e-02
7.307307307307307838e+02 -3.137497861162917567e-02 -1.239627162233145757e-02
7.317317317317317702e+02 -3.133882745607458054e-02 -1.240587896378089403e-02
7.327327327327327566e+02 -3.130275747581885704e-02 -1.241547513884723800e-02
7.337337337337337431e+02 -3.126677031367446069e-02 -1.242506078869138469e-02
7.347347347347348432e+02 -3.123086327467437806e-02 -1.243463512948327770e-02
7.357357357357358296e+02 -3.119503550203134995e-02 -1.244419810680917268e-02
7.367367367367368161e+02 -3.115929225524551732e-02 -1.245375045642535712e-02
7.377377377377378025e+02 -3.112363243749750874e-02 -1.246329182898857357e-02
7.387387387387387889e+02 -3.108804290099724879e-02 -1.247282226838863049e-02
7.397397397397397754e+02 -3.105253953005523287e-02 -1.248234163027549422e-02
7.407407407407407618e+02 -3.101711541849203058e-02 -1.249185019478145885e-02
7.417417417417418619e+02 -3.098177055385461023e-02 -1.250134836521998513e-02
7.427427427427428483e+02 -3.094650534090886626e-02 -1.251083547984335395e-02
7.437437437437438348e+02 -3.091131844250356517e-02 -1.252031174135967602e-02
7.447447447447448212e+02 -3.087620994884529568e-02 -1.252977708664560451e-02
7.457457457457458077e+02 -3.084118235931954111e-02 -1.253923208310677058e-02
7.467467467467467941e+02 -3.080623046721016334e-02 -1.254867622349807414e-02
7.477477477477477805e+02 -3.077135884025176266e-02 -1.255810948678667653e-02
7.487487487487487670e+02 -3.073656102750984762e-02 -1.256753187330767602e-02
7.497497497497498671e+02 -3.070184508610381696e-02 -1.257694392111302455e-02
7.507507507507508535e+02 -3.066720448423479461e-02 -1.258634537074240084e-02
7.517517517517518399e+02 -3.063264118927546201e-02 -1.259573596184525301e-02
7.527527527527528264e+02 -3.059815529669215189e-02 -1.260511601135972000e-02
7.537537537537538128e+02 -3.056374489449853460e-02 -1.261448549853481926e-02
7.547547547547547993e+02 -3.052941056177743348e-02 -1.262384465070934790e-02
7.557557557557557857e+02 -3.049515251911660146e-02 -1.263319331940336056e-02
7.567567567567567721e+02 -3.046097120699536864e-02 -1.264253157038616911e-02
7.577577577577578722e+02 -3.042686433005480084e-02 -1.265185939320482081e-02
7.587587587587588587e+02 -3.039283312153657698e-02 -1.266117676964122023e-02
7.597597597597598451e+02 -3.035887701245591416e-02 -1.267048368268508009e-02
7.607607607607608315e+02 -3.032499432534668110e-02 -1.267978012810110425e-02
7.617617617617618180e+02 -3.029118938613292733e-02 -1.268906612922249440e-02
7.627627627627628044e+02 -3.025745546727331634e-02 -1.269834152522969495e-02
7.637637637637637908e+02 -3.022379843632031979e-02 -1.270760685682183373e-02
7.647647647647647773e+02 -3.019021476743362353e-02 -1.271686199307712865e-02
7.657657657657658774e+02 -3.015670301349594046e-02 -1.272610666726361507e-02
7.667667667667668638e+02 -3.012327032530223367e-02 -1.273534108784630213e-02
7.677677677677678503e+02 -3.008990274030609244e-02 -1.274456556637940975e-02
7.687687687687688367e+02 -3.005661060336590681e-02 -1.275377969488007517e-02
7.697697697697698231e+02 -3.002339295475029216e-02 -1.276298359589781058e-02
7.707707707707708096e+02 -2.999024499432559679e-02 -1.277217733651245073e-02
7.717717717717717960e+02 -2.995717353327837992e-02 -1.278136092009963913e-02
7.727727727727728961e+02 -2.992417169071049515e-02 -1.279053443775368497e-02
7.737737737737738826e+02 -2.989124261989482140e-02 -1.279969688692900349e-02
7.747747747747748690e+02 -2.985838492887498904e-02 -1.280885580109721728e-02
7.757757757757758554e+02 -2.982559663316615775e-02 -1.281799425590485902e-02
7.767767767767768419e+02 -2.979288262975184759e-02 -1.282712770776517526e-02
7.777777777777778283e+02 -2.976023874449431825e-02 -1.283625072171886740e-02
7.787787787787788147e+02 -2.972766258333270351e-02 -1.284536365804279240e-02
7.797797797797798012e+02 -2.969515778164922085e-02 -1.285446710953973802e-02
7.807807807807809013e+02 -2.966272747384354064e-02 -1.286356041765339582e-02
7.817817817817818877e+02 -2.963036277379878583e-02 -1.287264382106467070e-02
7.827827827827828742e+02 -2.959806807377641028e-02 -1.288172002962489383e-02
7.837837837837838606e+02 -2.956584727177926156e-02 -1.289078387348764621e-02
7.847847847847848470e+02 -2.953369164072843986e-02 -1.289983730379244860e-02
7.857857857857858335e+02 -2.950160597654931383e-02 -1.290888121445519024e-02
7.867867867867868199e+02 -2.946958673602985412e-02 -1.291791037744597151e-02
7.877877877877878063e+02 -2.943764201048527235e-02 -1.292693957629954295e-02
7.887887887887889065e+02 -2.940576342014804626e-02 -1.293595407584723425e-02
7.897897897897898929e+02 -2.937395269119305943e-02 -1.294495874534279389e-02
7.907907907907908793e+02 -2.934220841638386645e-02 -1.295395363977653973e-02
7.917917917917918658e+02 -2.931053516525970390e-02 -1.296293880646333212e-02
7.927927927927928522e+02 -2.927892697469539410e-02 -1.297191429778047668e-02
7.937937937937938386e+02 -2.924738812790197290e-02 -1.298087984738506215e-02
7.947947947947948251e+02 -2.921591334842317880e-02 -1.298983606486653862e-02
7.957957957957958115e+02 -2.918450844480750470e-02 -1.299878302521448488e-02
7.967967967967969116e+02 -2.915317078983224730e-02 -1.300772000826976200e-02
7.977977977977978981e+02 -2.912189788536546572e-02 -1.301664768111937889e-02
7.987987987987988845e+02 -2.909069087970407932e-02 -1.302556533437632287e-02
7.997997997997998709e+02 -2.905955038352373704e-02 -1.303447774797643517e-02
8.008008008008008574e+02 -2.902847731187941163e-02 -1.304336968974108626e-02
8.018018018018018438e+02 -2.899747002850428662e-02 -1.305225895331107479e-02
8.028028028028028302e+02 -2.896652704474170573e-02 -1.306113881125496763e-02
8.038038038038039304e+02 -2.893565032138610896e-02 -1.307000909795285638e-02
8.048048048048049168e+02 -2.890483792424979395e-02 -1.307887005859796094e-02
8.058058058058059032e+02 -2.887409064335907938e-02 -1.308772124168043616e-02
8.068068068068068897e+02 -2.884340727868318216e-02 -1.309656306090925017e-02
8.078078078078078761e+02 -2.881279063460620224e-02 -1.310539569440589622e-02
8.088088088088088625e+02 -2.878223792360753638e-02 -1.311421893286441112e-02
8.098098098098098490e+02 -2.875174719814166044e-02 -1.312303261364663326e-02
8.108108108108108354e+02 -2.872132224061961503e-02 -1.313183723480301247e-02
8.118118118118119355e+02 -2.869096062822650006e-02 -1.314063248221051215e-02
8.128128128128129219e+02 -2.866066248228238758e-02 -1.314941854368300092e-02
8.138138138138139084e+02 -2.863042695144898953e-02 -1.315819518829142512e-02
8.148148148148148948e+02 -2.860025579455349395e-02 -1.316696240508639926e-02
8.158158158158158813e+02 -2.857014655720484242e-02 -1.317572075535746075e-02
8.168168168168168677e+02 -2.854009696825351647e-02 -1.318446967943301407e-02
8.178178178178178541e+02 -2.851011684864473636e-02 -1.319320939098766153e-02
8.188188188188188406e+02 -2.848019149682604750e-02 -1.320193984426941761e-02
8.198198198198199407e+02 -2.845033515861274814e-02 -1.321066126627530243e-02
8.208208208208209271e+02 -2.842053847626477281e-02 -1.321937321168050426e-02
8.218218218218219135e+02 -2.839080056964309387e-02 -1.322807768465079394e-02
8.228228228228229000e+02 -2.836113004875918248e-02 -1.323677085207958064e-02
8.238238238238238864e+02 -2.833151874373658272e-02 -1.324545579579581613e-02
8.248248248248248728e+02 -2.830196383034041738e-02 -1.325413184231776301e-02
8.258258258258258593e+02 -2.827247614115618174e-02 -1.326279865772923838e-02
8.268268268268268457e+02 -2.824304530082862724e-02 -1.327145644752524001e-02
8.278278278278279458e+02 -2.821367807694323548e-02 -1.328010533584826798e-02
8.288288288288289323e+02 -2.818436793425986575e-02 -1.328874510402287649e-02
8.298298298298299187e+02 -2.815512191170662509e-02 -1.329737591574958223e-02
8.308308308308309051e+02 -2.812593170338001727e-02 -1.330599736934717260e-02
8.318318318318318916e+02 -2.809680366178565758e-02 -1.331461126524983128e-02
8.328328328328328780e+02 -2.806773758914218181e-02 -1.332321511609730301e-02
8.338338338338338644e+02 -2.803872570241407527e-02 -1.333181030149915673e-02
8.348348348348349646e+02 -2.800977828198738390e-02 -1.334039649691389634e-02
8.358358358358359510e+02 -2.798088884421063086e-02 -1.334897407710248368e-02
8.368368368368369374e+02 -2.795205631125527099e-02 -1.335754310374064058e-02
8.378378378378379239e+02 -2.792328128641937551e-02 -1.336610268811222642e-02
8.388388388388389103e+02 -2.789456932300433609e-02 -1.337465362175276236e-02
8.398398398398398967e+02 -2.786591373622396284e-02 -1.338319576705169697e-02
8.408408408408408832e+02 -2.783731501823818316e-02 -1.339172909044420746e-02
8.418418418418418696e+02 -2.780877488010778317e-02 -1.340025351470720133e-02
8.428428428428429697e+02 -2.778029567571847075e-02 -1.340876942045824208e-02
8.438438438438439562e+02 -2.775186878632131260e-02 -1.341727645915610605e-02
8.448448448448449426e+02 -2.772350225454396633e-02 -1.342577482404781059e-02
8.458458458458459290e+02 -2.769519468446308627e-02 -1.343426428327001119e-02
8.468468468468469155e+02 -2.766694256462389617e-02 -1.344274512498250772e-02
8.478478478478479019e+02 -2.763874858969658094e-02 -1.345121871489431478e-02
8.488488488488488883e+02 -2.761061070182042193e-02 -1.345968247839042682e-02
8.498498498498498748e+02 -2.758252837938984445e-02 -1.346813779857017855e-02
8.508508508508509749e+02 -2.755450387515233357e-02 -1.347658446639971377e-02
8.518518518518519613e+02 -2.752653547299935624e-02 -1.348502266528073604e-02
8.528528528528529478e+02 -2.749862352292500173e-02 -1.349345209044769747e-02
8.538538538538539342e+02 -2.747076668130192523e-02 -1.350187364177723136e-02
8.548548548548549206e+02 -2.744296711749184825e-02 -1.351028607664040218e-02
8.558558558558559071e+02 -2.741522214533119797e-02 -1.351868938466399030e-02
8.568568568568568935e+02 -2.738753405426199924e-02 -1.352708576299103266e-02
8.578578578578578799e+02 -2.735989900516757473e-02 -1.353547189779656483e-02
8.588588588588589801e+02 -2.733232168360851672e-02 -1.354385021925372072e-02
8.598598598598599665e+02 -2.730479616518105210e-02 -1.355222027979625758e-02
8.608608608608609529e+02 -2.727732788328058461e-02 -1.356058223185091331e-02
8.618618618618619394e+02 -2.724991353163645075e-02 -1.356893489381311331e-02
8.628628628628629258e+02 -2.722255488320152531e-02 -1.357728041486480630e-02
8.638638638638639122e+02 -2.719524817730173405e-02 -1.358561685225801938e-02
8.648648648648648987e+02 -2.716799695678884588e-02 -1.359394492148659379e-02
8.658658658658659988e+02 -2.714080098325915083e-02 -1.360226474358115431e-02
8.668668668668669852e+02 -2.711365775833934205e-02 -1.361058128472661909e-02
8.678678678678679717e+02 -2.708656886687046267e-02 -1.361887851254519471e-02
8.688688688688689581e+02 -2.705953255873373361e-02 -1.362717446699292581e-02
8.698698698698699445e+02 -2.703254992286079766e-02 -1.363546070938408648e-02
8.708708708708709310e+02 -2.700562181618247279e-02 -1.364373899378119870e-02
8.718718718718719174e+02 -2.697874469265624381e-02 -1.365200915171100975e-02
8.728728728728729038e+02 -2.695192344079848021e-02 -1.366027103507389678e-02
8.738738738738740039e+02 -2.692515202131158178e-02 -1.366852442576269207e-02
8.748748748748749904e+02 -2.689843498900254537e-02 -1.367676978948179599e-02
8.758758758758759768e+02 -2.687176970144218927e-02 -1.368500705534295148e-02
8.768768768768769633e+02 -2.684515748333249352e-02 -1.369323614282117255e-02
8.778778778778779497e+02 -2.681859626688366458e-02 -1.370145723322577919e-02
8.788788788788789361e+02 -2.679208728570608641e-02 -1.370967129777250944e-02
8.798798798798799226e+02 -2.676563102368178723e-02 -1.371787491281357962e-02
8.808808808808809090e+02 -2.673922635713208221e-02 -1.372607152842381453e-02
8.818818818818820091e+02 -2.671287265492595930e-02 -1.373426015808538840e-02
8.828828828828829955e+02 -2.668656975702676792e-02 -1.374244092079122785e-02
8.838838838838839820e+02 -2.666031867941034278e-02 -1.375060825133015210e-02
8.848848848848849684e+02 -2.663412080723759692e-02 -1.375877777156374673e-02
8.858858858858859548e+02 -2.660797321734225535e-02 -1.376693397011930983e-02
8.868868868868869413e+02 -2.658187547134085657e-02 -1.377508231962534108e-02
8.878878878878879277e+02 -2.655582824223623462e-02 -1.378322271421244215e-02
8.888888888888889142e+02 -2.652983161173334131e-02 -1.379135508541328402e-02
8.898898898898900143e+02 -2.650388699159271499e-02 -1.379947848078952148e-02
8.908908908908910007e+02 -2.647799080385481243e-02 -1.380759585772377805e-02
8.918918918918919871e+02 -2.645214589526704435e-02 -1.381570414188054013e-02
8.928928928928929736e+02 -2.642635049132055491e-02 -1.382380494635224340e-02
8.938938938938939600e+02 -2.640060535763209121e-02 -1.383189791298267309e-02
8.948948948948949464e+02 -2.637490864591598982e-02 -1.383998291297795433e-02
8.958958958958959329e+02 -2.634926469557995546e-02 -1.384806006205473519e-02
8.968968968968970330e+02 -2.632366628532103667e-02 -1.385612968094791786e-02
8.978978978978980194e+02 -2.629811564753520639e-02 -1.386419059085541340e-02
8.988988988988990059e+02 -2.627262225871383403e-02 -1.387224422136299970e-02
8.998998998998999923e+02 -2.624717360708380201e-02 -1.388029032718689736e-02
9.009009009009009787e+02 -2.622176364994131467e-02 -1.388832763075361319e-02
9.019019019019019652e+02 -2.619642416379249286e-02 -1.389635771955903890e-02
9.029029029029029516e+02 -2.617111819424871796e-02 -1.390438016884105836e-02
9.039039039039039380e+02 -2.614586523998021703e-02 -1.391239440295363727e-02
9.049049049049050382e+02 -2.612065767302135591e-02 -1.392040130511200749e-02
9.059059059059060246e+02 -2.609550005422009780e-02 -1.392840092593950613e-02
9.069069069069070110e+02 -2.607038838411298437e-02 -1.393639244881439421e-02
9.079079079079079975e+02 -2.604532876062697413e-02 -1.394437654572595886e-02
9.089089089089089839e+02 -2.602031539870338500e-02 -1.395235256355454971e-02
9.099099099099099703e+02 -2.599535091101171785e-02 -1.396032116522763662e-02
9.109109109109109568e+02 -2.597042861850729772e-02 -1.396828190399610620e-02
9.119119119119119432e+02 -2.594555852310920577e-02 -1.397623542886377614e-02
9.129129129129130433e+02 -2.592073442282704851e-02 -1.398417972695704080e-02
9.139139139139140298e+02 -2.589595665208597672e-02 -1.399211873984259648e-02
9.149149149149150162e+02 -2.587122679721904142e-02 -1.400004900426920704e-02
9.159159159159160026e+02 -2.584654563964410012e-02 -1.400797185081347623e-02
9.169169169169169891e+02 -2.582190724364790205e-02 -1.401588723177488865e-02
9.179179179179179755e+02 -2.579731838964498605e-02 -1.402379475435788260e-02
9.189189189189189619e+02 -2.577277620490025373e-02 -1.403169495700833103e-02
9.199199199199199484e+02 -2.574828011873505837e-02 -1.403958734764914999e-02
9.209209209209210485e+02 -2.572382815511303766e-02 -1.404747310443711650e-02
9.219219219219220349e+02 -2.569942479092363063e-02 -1.405535096289435570e-02
9.229229229229230214e+02 -2.567506685967706204e-02 -1.406322134783889038e-02
9.239239239239240078e+02 -2.565075856527858356e-02 -1.407108427355441282e-02
9.249249249249249942e+02 -2.562648716536761878e-02 -1.407893963261320006e-02
9.259259259259259807e+02 -2.560226709743499557e-02 -1.408678756437940945e-02
9.269269269269269671e+02 -2.557809033671345003e-02 -1.409462801424470405e-02
9.279279279279279535e+02 -2.555396166307703429e-02 -1.410245965368008003e-02
9.289289289289290537e+02 -2.552987496634682996e-02 -1.411028283978233572e-02
9.299299299299300401e+02 -2.550583656587929529e-02 -1.411810560591030862e-02
9.309309309309310265e+02 -2.548184592045612054e-02 -1.412591597238242215e-02
9.319319319319320130e+02 -2.545789049304025484e-02 -1.413371968892183743e-02
9.329329329329329994e+02 -2.543398812672462844e-02 -1.414151609977899043e-02
9.339339339339339858e+02 -2.541012887380912980e-02 -1.414930518964256298e-02
9.349349349349349723e+02 -2.538631051939151118e-02 -1.415708694840779776e-02
9.359359359359360724e+02 -2.536254248229410230e-02 -1.416486137544421473e-02
9.369369369369370588e+02 -2.533881057989706073e-02 -1.417262848434089860e-02
9.379379379379380453e+02 -2.531515428395098022e-02 -1.418038830338819167e-02
9.389389389389390317e+02 -2.529149181047132475e-02 -1.418814086551643122e-02
9.399399399399400181e+02 -2.526789266474673695e-02 -1.419588649019264646e-02
9.409409409409410046e+02 -2.524434061660430981e-02 -1.420362336163254538e-02
9.419419419419419910e+02 -2.522083255557908826e-02 -1.421135424295470566e-02
9.429429429429429774e+02 -2.519736816807534308e-02 -1.421907914782655560e-02
9.439439439439440775e+02 -2.517395280776495159e-02 -1.422679581718587320e-02
9.449449449449450640e+02 -2.515057321208259353e-02 -1.423450532893998782e-02
9.459459459459460504e+02 -2.512723474628993439e-02 -1.424221431836516887e-02
9.469469469469470368e+02 -2.510394470978682957e-02 -1.424990283702140190e-02
9.479479479479480233e+02 -2.508070071657796454e-02 -1.425759082123816308e-02
9.489489489489490097e+02 -2.505749358181737912e-02 -1.426527163730608415e-02
9.499499499499499962e+02 -2.503433088426213621e-02 -1.427294523678299988e-02
9.509509509509509826e+02 -2.501120703419557750e-02 -1.428061190496323837e-02
9.519519519519520827e+02 -2.498812735644831765e-02 -1.428827246556454468e-02
9.529529529529530691e+02 -2.496509141422479164e-02 -1.429592494970784514e-02
9.539539539539540556e+02 -2.494209863564409574e-02 -1.430356938940317672e-02
9.549549549549550420e+02 -2.491913170909520331e-02 -1.431120784663579733e-02
9.559559559559560284e+02 -2.489624273039787658e-02 -1.431883979326341316e-02
9.569569569569570149e+02 -2.487337379960968473e-02 -1.432646374381066519e-02
9.579579579579580013e+02 -2.485054744854298114e-02 -1.433408137974227607e-02
9.589589589589589878e+02 -2.482776268602384512e-02 -1.434169165466484507e-02
9.599599599599600879e+02 -2.480502194807470209e-02 -1.434929506300323433e-02
9.609609609609610743e+02 -2.478232315064743396e-02 -1.435689152846014727e-02
9.619619619619620607e+02 -2.475966063678569987e-02 -1.436447643853940893e-02
9.629629629629630472e+02 -2.473703851798195533e-02 -1.437206317243512610e-02
9.639639639639640336e+02 -2.471446674185319783e-02 -1.437963860525355575e-02
9.649649649649650200e+02 -2.469193482326697414e-02 -1.438720807593779974e-02
9.659659659659660065e+02 -2.466943637193705005e-02 -1.439477010208979613e-02
9.669669669669671066e+02 -2.464697448507583571e-02 -1.440232514564241187e-02
9.679679679679680930e+02 -2.462456903739002056e-02 -1.440987329699166403e-02
9.689689689689690795e+02 -2.460219482962966095e-02 -1.441741424294657944e-02
9.699699699699700659e+02 -2.457985783470476721e-02 -1.442494953500961762e-02
9.709709709709710523e+02 -2.455757142086757022e-02 -1.443247651871220824e-02
9.719719719719720388e+02 -2.453531456106798972e-02 -1.443999712369078633e-02
9.729729729729730252e+02 -2.451310249025708335e-02 -1.444751080111688138e-02
9.739739739739740116e+02 -2.449093141775169138e-02 -1.445501846356683599e-02
9.749749749749751118e+02 -2.446879869175546535e-02 -1.446251841237893888e-02
9.759759759759760982e+02 -2.444670635860288210e-02 -1.447001218875072770e-02
9.769769769769770846e+02 -2.442465272537673246e-02 -1.447749879708472298e-02
9.779779779779780711e+02 -2.440264013170445959e-02 -1.448497902152064143e-02
9.789789789789790575e+02 -2.438066639335610686e-02 -1.449245216652334488e-02
9.799799799799800439e+02 -2.435873109613776594e-02 -1.449991877648179259e-02
9.809809809809810304e+02 -2.433683579204532280e-02 -1.450737870258753462e-02
9.819819819819820168e+02 -2.431498057935009213e-02 -1.451483187616367521e-02
9.829829829829831169e+02 -2.429316279167073947e-02 -1.452227844202312254e-02
9.839839839839841034e+02 -2.427138471061035530e-02 -1.452971789319397987e-02
9.849849849849850898e+02 -2.424964481144176176e-02 -1.453715204998031613e-02
9.859859859859860762e+02 -2.422794510904311902e-02 -1.454457791234411643e-02
9.869869869869870627e+02 -2.420628322643921318e-02 -1.455199764532911187e-02
9.879879879879880491e+02 -2.418465956905397479e-02 -1.455941071941392780e-02
9.889889889889890355e+02 -2.416307423953263991e-02 -1.456681732988587483e-02
9.899899899899900220e+02 -2.414152891626775155e-02 -1.457421731145467671e-02
9.909909909909911221e+02 -2.412002023360945019e-02 -1.458161080893209845e-02
9.919919919919921085e+02 -2.409854998578656385e-02 -1.458899534033055063e-02
9.929929929929930950e+02 -2.407711723665649853e-02 -1.459637823771286862e-02
9.939939939939940814e+02 -2.405572318141140434e-02 -1.460375185611661498e-02
9.949949949949950678e+02 -2.403436586724258875e-02 -1.461111857416218067e-02
9.959959959959960543e+02 -2.401304915841251733e-02 -1.461847931654160562e-02
9.969969969969970407e+02 -2.399176609049105333e-02 -1.462583306065967127e-02
9.979979979979981408e+02 -2.397052342002740227e-02 -1.463318077549092232e-02
9.989989989989991273e+02 -2.394931871993754777e-02 -1.464052174444070535e-02
1.000000000000000000e+03 -2.392814712222241305e-02 -1.464785622411761586e-02
